// Game: Quake
// Format: Standard
// entity 0
{
"classname" "worldspawn"
"wad" "D:/quaketools/TrenchBroom/games/Quake/quake.wad"
// brush 0
{
( 8 64 16 ) ( 8 64 17 ) ( 8 65 16 ) uwall1_3 -0 -0 -0 1 1
( -8 -64 -16 ) ( -8 -63 -16 ) ( -8 -64 -15 ) wwall1_1 -0 -0 -0 1 1
( 64 8 16 ) ( 65 8 16 ) ( 64 8 17 ) uwall1_4 -0 -0 -0 1 1
( -64 -8 -16 ) ( -64 -8 -15 ) ( -63 -8 -16 ) uwall1_2 -0 -0 -0 1 1
( 64 64 4 ) ( 64 65 4 ) ( 65 64 4 ) sfloor4_1 -0 -0 -0 1 1
( -64 -64 -4 ) ( -63 -64 -4 ) ( -64 -63 -4 ) ceiling5 -0 -0 -0 1 1
}
}
// entity 1
{
"classname" "info_player_start"
"origin" "-0 -0 28"
}
